R2: 0.8892309661928461
MAE: 0.5243991587510469
MSE: 0.5862225842878553
