MAE: 49974.87441859556
RMSE: 139406.01878063835
R2: 0.8895220885370092
